500
48.6602 -19.591
-10.6787 74.5375
2.03535 39.8643
22.5448 -23.5285
44.5746 89.2328
49.1219 -50.3651
45.7968 -14.4614
-12.0287 -16.4114
3.34447 -60.4239
19.6696 39.9697
-36.2712 71.2632
34.1712 -98.6554
-13.2316 -58.2702
-42.0098 36.2232
-10.7133 53.3599
-19.3522 -24.1062
-33.1155 39.9382
-24.7844 37.8397
-10.0987 95.5208
-42.8444 -31.0483
42.3768 -87.4451
9.29333 76.3472
-0.953232 94.5293
-20.0321 -95.2175
-32.9473 99.275
22.3761 -38.4369
35.2691 13.0945
-18.5461 -55.9251
27.4121 -21.1118
40.149 -66.6023
-33.8759 -58.4063
4.64573 -33.9829
40.766 59.7227
-48.0716 -38.6655
27.6217 -81.8321
15.1431 39.9971
-34.6386 -51.1271
8.17211 28.8164
-28.2989 76.28
16.7995 -22.4923
37.7775 -21.6489
19.5354 46.0931
45.7228 -98.0215
45.084 46.2699
-9.56665 70.4661
39.8338 13.1148
-43.9701 -11.041
39.566 93.5918
-25.6592 82.9887
-22.5369 -96.0749
-49.4217 85.2125
21.9611 -68.1205
-32.9573 -39.7336
30.348 -22.5124
-31.7268 -5.70517
27.4977 -87.8986
36.323 -5.93392
29.0973 64.0915
-1.9777 48.3626
5.18069 76.9113
9.41436 -9.97107
-4.98694 30.8885
39.494 -30.842
12.2402 -72.3304
-23.9266 79.4066
-34.2026 -46.6967
32.3095 75.517
-7.40858 98.7045
-32.1083 -54.1212
-11.9039 -27.6701
20.0868 -68.8125
-7.78432 12.8195
12.6268 -57.3741
-11.5445 -78.7019
45.4942 87.2724
49.1047 9.81722
-11.3493 -11.7645
-29.6471 -43.7107
28.6968 65.1861
-8.02056 -90.4597
22.2963 15.5536
-18.5782 9.21175
-4.46468 48.0265
3.95813 26.8541
46.9526 84.1084
49.592 34.0788
-42.3521 -16.3847
-26.5508 40.5494
13.1206 23.8093
30.9238 17.2297
5.54086 60.057
-36.4765 88.383
-25.8537 -32.2473
-27.6638 -94.3139
-33.5306 28.6312
-42.3868 77.5315
-27.9076 -21.93
-6.6284 35.2555
-36.9518 94.6595
-18.9452 -79.9983
39.3839 -38.7065
27.0402 94.0638
22.4544 -99.0212
17.3066 -28.8499
12.3941 -3.53922
44.1899 -64.1301
-21.7411 -84.5733
-37.8735 4.81029
-8.41027 -31.0748
5.24819 16.1183
48.7782 25.7227
-3.17515 -58.2588
-48.1036 80.3929
38.4983 -70.1108
37.5262 -60.8938
-25.0546 53.8203
0.199861 -96.0286
23.942 -54.6914
-47.5249 -17.5027
8.22931 29.7383
39.479 4.83842
32.8041 -64.5242
10.1326 89.8611
20.1431 -96.5554
-20.6068 -49.2175
9.78144 -43.6573
38.2526 -86.7874
-0.958047 80.298
46.8028 -24.9194
-44.9064 68.6579
7.0934 -39.922
11.2391 -85.4135
-17.9753 -29.6378
-20.0525 -31.0004
26.4298 76.3537
49.3689 31.8176
-9.40394 64.3461
33.6467 -98.5427
27.1036 7.57957
-47.549 -87.0065
29.181 24.4648
-15.3319 34.8673
18.8387 67.4201
7.58265 31.2829
-28.7497 25.3525
-0.0296021 56.6874
42.7153 -77.581
35.637 -50.5201
-3.60939 -68.831
9.23975 -54.3592
-46.2386 17.2174
38.7292 -11.2851
-9.21827 44.7518
-4.91392 -64.2294
-23.8343 -4.92592
-25.6179 -89.3065
-40.2306 18.1003
22.7804 57.2163
-7.23982 -39.2739
-5.75041 28.021
43.0393 88.44
-7.64577 71.5091
-44.5705 -44.0176
-39.5055 3.64018
-6.42427 39.4685
24.6405 -5.32581
-21.6571 26.7393
41.6945 38.2493
-14.2544 -26.4388
37.01 23.8225
34.3176 -77.2159
17.258 88.1742
20.4422 -19.9232
22.6952 -73.5953
20.4014 -66.1104
27.2129 26.8814
-38.8352 -60.8658
-0.804743 -66.8114
-2.4417 19.3795
18.4144 82.2681
-20.576 -13.8903
-11.5289 15.5339
-43.5755 -39.6687
-23.1084 -15.6598
16.9463 -72.1968
-45.9187 2.52779
-24.7063 42.6787
-4.64902 91.4717
-38.6223 -63.9076
-41.0618 63.5583
-15.009 72.3022
-4.78013 -7.68834
-44.2818 88.8303
12.7501 6.55295
4.10489 -37.671
-5.5895 67.0578
24.2193 65.7633
-8.70416 61.2877
-36.9527 36.3749
-27.1861 59.9871
32.0891 -46.2095
-18.7426 -85.2345
48.2346 53.2168
-46.8814 -80.7753
44.6546 -75.8864
41.3915 -40.7088
48.2079 -26.7773
25.8014 -92.1479
-18.9735 -22.8969
7.20254 70.2627
19.7161 -96.7739
18.6603 -12.1292
34.4947 -80.0878
-25.4207 95.0839
28.1436 -5.21363
27.5355 20.4653
24.2885 -82.4142
17.6154 45.0461
35.4013 41.468
32.1354 60.1118
32.7908 47.0538
-40.2985 61.9974
-39.8618 71.0059
34.9248 -17.6706
-25.9455 -15.7454
-23.7039 87.5412
-6.25963 89.9127
-12.294 -43.5299
-45.0875 24.5705
-24.223 66.1121
-40.3216 -93.3751
-6.7113 67.9338
-37.8946 -78.1918
6.48995 95.0133
31.6381 -22.7493
27.5626 28.8578
-37.8478 74.5281
-4.57237 -55.4191
22.767 -39.2952
13.4552 93.6431
22.4797 79.5025
40.5921 -67.5598
34.7076 -43.4038
-5.54485 79.2402
40.5834 40.4643
22.6762 -99.4764
23.5446 -68.0703
34.2287 71.2999
-23.131 -18.5628
33.1566 -82.9859
29.344 21.4384
22.936 82.9923
-2.01676 -63.2728
-36.2134 -58.4995
-1.28397 54.4836
-32.4282 -57.6085
16.9931 -83.6722
-12.5841 3.40141
-13.538 63.742
-8.67919 -45.9092
2.10316 -72.0061
-22.6928 -48.7045
-20.0382 -76.9283
-38.7023 13.6616
2.25445 88.9087
15.3379 -36.8032
5.17353 -23.4523
-26.9054 -93.6865
6.63746 -26.2376
-26.093 -89.293
-35.877 -17.0424
-23.4507 62.2321
-0.357256 27.9303
-17.1832 72.2095
-4.16385 48.2752
-36.8498 95.8786
38.1345 -19.0854
-26.4129 -63.8073
1.99316 -30.2304
24.9272 -91.5048
-20.6608 -19.47
-14.154 69.0254
28.5389 17.8811
37.6695 -29.6473
45.8218 -76.847
-9.47018 -80.1105
3.05532 34.1582
41.0608 -94.6039
-18.9558 -52.2449
38.8028 53.7607
48.0151 -96.094
24.8197 72.2994
-7.58968 96.8135
-45.7539 88.807
-16.7084 58.3465
48.6511 25.2615
-30.5618 -31.0058
-2.85657 95.9542
43.4377 -30.3742
-16.8466 78.5188
-3.61059 47.3665
49.2042 98.8895
-9.23767 80.5299
-47.8572 43.6131
-35.8575 81.8913
-1.3131 -75.6847
42.8986 -52.9869
48.3074 -29.3821
-28.0867 -94.8931
-20.2876 10.4098
31.7267 -43.2729
-32.1644 -97.6702
12.8606 29.9581
49.142 12.5966
49.792 -35.4091
-4.44229 -7.63728
-44.0213 -10.4763
-4.37391 -6.51793
-14.9732 -4.46223
-31.4524 -1.66128
-11.2855 34.4689
11.327 -36.7737
40.741 19.2688
16.9221 -74.6913
12.1878 93.2691
17.8592 -12.1711
-25.0019 71.3897
-4.92063 75.7175
0.67391 -11.5572
-5.84298 0.931725
26.5168 79.4294
46.6472 64.9911
-15.5234 -15.4534
-20.7634 39.0068
40.0422 -4.43169
-31.3272 -42.4866
-34.9814 59.9996
10.3699 -88.4807
-10.3658 -45.416
-31.586 -96.356
-26.0734 72.5466
-4.26351 -2.15061
21.9681 81.6317
-13.2166 -54.7159
-14.9628 61.8809
23.1079 -76.8918
20.6552 39.5103
44.0496 -89.7365
-37.9716 -53.4276
24.6352 -95.8587
21.0704 86.6159
-19.1726 72.178
23.3078 82.3945
41.8486 -74.1161
-31.5107 -79.4747
-35.236 -15.1683
46.5359 21.0009
41.3405 37.0082
1.31633 -43.7521
41.1461 72.7072
-40.9356 28.5081
47.9077 59.4391
-15.9908 83.9145
34.8513 -7.92477
-34.7565 18.973
-1.89175 72.6276
2.79445 57.8712
22.4028 -47.7956
20.1328 28.5029
-10.9558 77.2442
24.5141 7.61631
-18.962 42.1001
-35.6914 -55.243
-10.4459 31.2499
0.502467 -38.5994
1.97853 19.1338
44.9543 -0.227632
-10.7136 -42.073
-8.15654 -51.7245
25.0011 14.1739
33.6243 -53.7813
-6.59924 -27.1626
-47.955 -68.3929
12.5209 44.3556
30.055 -96.8698
10.7999 9.13823
5.37324 83.6757
-24.3808 39.3637
-35.7836 30.3467
-14.6932 29.4377
45.8736 74.5707
-25.7143 81.6559
-12.8285 27.1443
-30.2086 58.03
37.7099 89.5851
-13.8981 42.6683
-32.0981 59.0054
-42.2471 -60.1063
45.3062 40.5476
42.1247 50.7225
21.8389 5.84914
-20.0696 -45.5758
-5.23757 11.0991
46.894 17.9576
-29.2771 -35.5984
-26.3024 -66.8071
-30.5139 -4.03334
-42.5756 13.3153
-38.4445 -45.5683
-14.3273 98.5308
-27.9916 43.5492
20.5996 -20.1795
1.27725 56.7049
9.85712 -6.83302
-1.37376 3.96356
-28.0553 -59.0698
-45.0937 3.75016
-2.32277 -0.662434
-42.5754 -10.8576
-41.3524 -43.7051
26.772 -35.3096
-5.25606 92.5163
30.3285 4.33669
2.91581 83.768
29.3842 77.1769
41.1494 -97.2149
10.363 23.4979
-8.6972 -76.7194
-9.89859 -97.6802
8.22378 77.4553
3.1417 60.337
-40.8072 16.0961
-17.9564 13.74
-42.2832 -21.0636
-48.5588 -67.2712
17.6157 56.4264
-1.29039 -75.2808
24.4714 -41.9237
14.528 -45.2257
-29.0779 -12.1757
-34.0244 -75.8569
-4.69533 52.6774
23.8205 73.2149
37.979 -72.1562
37.7674 -7.59448
-47.3504 -18.1818
-23.6287 -76.3153
48.9571 16.8297
18.7123 -86.6521
47.8831 40.3071
-26.9616 30.9975
-1.63323 43.496
27.8584 -54.3237
-49.2139 -15.2274
0.225305 -56.5835
36.2984 32.4019
-16.2202 -36.7938
-7.46037 -84.7994
-31.7894 -38.9628
-28.4778 -88.044
26.7214 -51.6564
-3.11292 -93.8147
-13.9859 -8.31157
11.5075 -90.5471
2.51819 18.7811
24.88 51.1131
-25.1107 -53.5065
-2.69545 -94.5047
-3.9151 -3.81866
-4.86604 92.6204
19.7989 -37.1352
12.5112 -92.8425
13.0355 -89.8984
-38.8209 62.4922
-14.4306 -34.5974
37.2241 -75.4185
6.87309 -31.7776
-34.6166 85.7744
29.9554 53.7818
47.6137 -35.0528
-13.7185 44.9873
-41.9698 22.3415
45.7404 10.6694
13.9184 -16.3493
-46.5746 -81.8953
-11.8644 46.4486
-9.51525 -98.7066
26.8031 -92.9594
-44.3025 75.9642
34.7664 -17.4663
-29.3166 43.981
3.55763 55.113
-43.8983 37.8821
20.4437 72.1142
-4.16806 36.1148
-31.4693 64.2268
-9.44894 -46.8783
-6.71586 -27.417
31.8955 -85.5949
28.1168 70.6418
